{
 "cells": [
  {
   "cell_type": "code",
   "execution_count": 1,
   "metadata": {},
   "outputs": [],
   "source": [
    "import numpy as np\n",
    "import pandas as pd"
   ]
  },
  {
   "cell_type": "markdown",
   "metadata": {},
   "source": [
    "# Test 1"
   ]
  },
  {
   "cell_type": "code",
   "execution_count": 3,
   "metadata": {},
   "outputs": [
    {
     "name": "stdout",
     "output_type": "stream",
     "text": [
      "4\r\n",
      "2 -5 3 1\r\n",
      "3 -7 3 -1\r\n",
      "5 -9 6 2\r\n",
      "4 -6 3 1\r\n",
      "5 -1 7 8\r\n"
     ]
    }
   ],
   "source": [
    "%cat test1.txt"
   ]
  },
  {
   "cell_type": "code",
   "execution_count": 4,
   "metadata": {},
   "outputs": [
    {
     "name": "stdout",
     "output_type": "stream",
     "text": [
      "0.000000 -3.000000 -5.333333 6.000000 "
     ]
    }
   ],
   "source": [
    "X = np.array([[2, -5, 3, 1],\n",
    "              [3, -7, 3, -1],\n",
    "              [5, -9, 6, 2],\n",
    "              [4, -6, 3, 1]])\n",
    "y = np.array([5, -1, 7, 8])\n",
    "for x in np.linalg.solve(X, y):\n",
    "    print(\"%lf\" % x, end=' ')"
   ]
  },
  {
   "cell_type": "code",
   "execution_count": 9,
   "metadata": {},
   "outputs": [
    {
     "data": {
      "text/plain": [
       "array([[ 39,  49,  75,  48],\n",
       "       [ 49,  68,  94,  62],\n",
       "       [ 75,  94, 146,  94],\n",
       "       [ 48,  62,  94,  62]])"
      ]
     },
     "execution_count": 9,
     "metadata": {},
     "output_type": "execute_result"
    }
   ],
   "source": [
    "np.dot(X, X.T)"
   ]
  },
  {
   "cell_type": "code",
   "execution_count": 11,
   "metadata": {},
   "outputs": [
    {
     "name": "stdout",
     "output_type": "stream",
     "text": [
      "14.333333 -3.888889 -10.629630 9.037037 "
     ]
    }
   ],
   "source": [
    "for x in np.linalg.solve(np.dot(X, X.T), y):\n",
    "    print(\"%lf\" % x, end=' ')"
   ]
  },
  {
   "cell_type": "code",
   "execution_count": 36,
   "metadata": {},
   "outputs": [
    {
     "name": "stdout",
     "output_type": "stream",
     "text": [
      "[[-1.00000000e+00  3.05311332e-17  3.33333333e-01  3.33333333e-01]\n",
      " [-1.00000000e+00  9.71445147e-17  6.66666667e-01 -3.33333333e-01]\n",
      " [-1.00000000e+00  1.66666667e-01  1.05555556e+00 -9.44444444e-01]\n",
      " [ 1.00000000e+00 -5.00000000e-01 -5.00000000e-01  5.00000000e-01]]\n"
     ]
    }
   ],
   "source": [
    "print(np.linalg.inv(X))"
   ]
  },
  {
   "cell_type": "code",
   "execution_count": 37,
   "metadata": {},
   "outputs": [
    {
     "data": {
      "text/plain": [
       "17.999999999999996"
      ]
     },
     "execution_count": 37,
     "metadata": {},
     "output_type": "execute_result"
    }
   ],
   "source": [
    "np.linalg.det(X)"
   ]
  },
  {
   "cell_type": "markdown",
   "metadata": {},
   "source": [
    "# Test 2"
   ]
  },
  {
   "cell_type": "code",
   "execution_count": 9,
   "metadata": {},
   "outputs": [
    {
     "name": "stdout",
     "output_type": "stream",
     "text": [
      "4\r\n",
      "4 3 -9 1\r\n",
      "2 5 -8 -1\r\n",
      "2 16 -14 2\r\n",
      "2 3 -5 -11\r\n",
      "9 8 24 7\r\n"
     ]
    }
   ],
   "source": [
    "%cat test2.txt"
   ]
  },
  {
   "cell_type": "code",
   "execution_count": 10,
   "metadata": {},
   "outputs": [
    {
     "name": "stdout",
     "output_type": "stream",
     "text": [
      "3.000000 2.000000 1.000000 -0.000000 "
     ]
    }
   ],
   "source": [
    "X = np.array([[4, 3, -9, 1],\n",
    "              [2, 5, -8, -1],\n",
    "              [2, 16, -14, 2],\n",
    "              [2, 3, -5, -11]])\n",
    "y = np.array([9, 8, 24, 7])\n",
    "for x in np.linalg.solve(X, y):\n",
    "    print(\"%lf\" % x, end=' ')"
   ]
  },
  {
   "cell_type": "code",
   "execution_count": 44,
   "metadata": {},
   "outputs": [
    {
     "name": "stdout",
     "output_type": "stream",
     "text": [
      "[[ 0.68894009 -1.3640553   0.25345622  0.23271889]\n",
      " [ 0.11751152 -0.50691244  0.18202765  0.08986175]\n",
      " [ 0.23963134 -0.77880184  0.17511521  0.12442396]\n",
      " [ 0.0483871  -0.03225806  0.01612903 -0.08064516]]\n"
     ]
    }
   ],
   "source": [
    "print(np.linalg.inv(X))"
   ]
  },
  {
   "cell_type": "code",
   "execution_count": 45,
   "metadata": {},
   "outputs": [
    {
     "data": {
      "text/plain": [
       "-867.9999999999995"
      ]
     },
     "execution_count": 45,
     "metadata": {},
     "output_type": "execute_result"
    }
   ],
   "source": [
    "np.linalg.det(X)"
   ]
  },
  {
   "cell_type": "markdown",
   "metadata": {},
   "source": [
    "# Test 3"
   ]
  },
  {
   "cell_type": "code",
   "execution_count": 2,
   "metadata": {},
   "outputs": [
    {
     "name": "stdout",
     "output_type": "stream",
     "text": [
      "4\r\n",
      "12 14 -15 24\r\n",
      "16 18 -22 29\r\n",
      "18 20 -21 32\r\n",
      "10 12 -16 20\r\n",
      "5 8 9 4\r\n"
     ]
    }
   ],
   "source": [
    "%cat test3.txt"
   ]
  },
  {
   "cell_type": "code",
   "execution_count": 12,
   "metadata": {},
   "outputs": [
    {
     "name": "stdout",
     "output_type": "stream",
     "text": [
      "2.222222 -1.666667 -0.111111 0.000000 "
     ]
    }
   ],
   "source": [
    "X = np.array([[12, 14, -15, 24],\n",
    "              [16, 18, -22, 29],\n",
    "              [18, 20, -21, 32],\n",
    "              [10, 12, -16, 20]])\n",
    "y = np.array([5, 8, 9, 4])\n",
    "for x in np.linalg.solve(X, y):\n",
    "    print(\"%lf\" % x, end=' ')"
   ]
  },
  {
   "cell_type": "code",
   "execution_count": 48,
   "metadata": {},
   "outputs": [
    {
     "name": "stdout",
     "output_type": "stream",
     "text": [
      "[[ 1.00000000e+00  2.88888889e+00 -1.66666667e+00 -2.72222222e+00]\n",
      " [-2.50000000e+00 -4.66666667e+00  3.50000000e+00  4.16666667e+00]\n",
      " [-5.42775701e-16 -4.44444444e-01  3.33333333e-01  1.11111111e-01]\n",
      " [ 1.00000000e+00  1.00000000e+00 -1.00000000e+00 -1.00000000e+00]]\n"
     ]
    }
   ],
   "source": [
    "print(np.linalg.inv(X))"
   ]
  },
  {
   "cell_type": "code",
   "execution_count": 49,
   "metadata": {},
   "outputs": [
    {
     "data": {
      "text/plain": [
       "35.99999999999984"
      ]
     },
     "execution_count": 49,
     "metadata": {},
     "output_type": "execute_result"
    }
   ],
   "source": [
    "np.linalg.det(X)"
   ]
  },
  {
   "cell_type": "markdown",
   "metadata": {},
   "source": [
    "# Test 4"
   ]
  },
  {
   "cell_type": "code",
   "execution_count": 13,
   "metadata": {},
   "outputs": [
    {
     "name": "stdout",
     "output_type": "stream",
     "text": [
      "4\r\n",
      "2 1 4 8\r\n",
      "1 3 -6 2\r\n",
      "3 -2 2 -2\r\n",
      "2 -1 2 0\r\n",
      "-1 3 8 4\r\n"
     ]
    }
   ],
   "source": [
    "%cat test4.txt"
   ]
  },
  {
   "cell_type": "code",
   "execution_count": 14,
   "metadata": {},
   "outputs": [
    {
     "name": "stdout",
     "output_type": "stream",
     "text": [
      "[ 2.  -3.  -1.5  0.5]\n"
     ]
    }
   ],
   "source": [
    "X = np.array([[2, 1, 4, 8],\n",
    "              [1, 3, -6, 2],\n",
    "              [3, -2, 2, -2],\n",
    "              [2, -1, 2, 0]])\n",
    "y = np.array([-1, 3, 8, 4])\n",
    "print(np.linalg.solve(X, y))"
   ]
  },
  {
   "cell_type": "markdown",
   "metadata": {},
   "source": [
    "# Test 5"
   ]
  },
  {
   "cell_type": "code",
   "execution_count": 15,
   "metadata": {},
   "outputs": [
    {
     "name": "stdout",
     "output_type": "stream",
     "text": [
      "4\r\n",
      "18 57 55 23\r\n",
      "57 198 188 94\r\n",
      "55 188 182 87\r\n",
      "23 94 87 55\r\n",
      "242 829 795 385\r\n",
      "\r\n"
     ]
    }
   ],
   "source": [
    "%cat test5.txt"
   ]
  },
  {
   "cell_type": "code",
   "execution_count": 16,
   "metadata": {},
   "outputs": [
    {
     "name": "stdout",
     "output_type": "stream",
     "text": [
      "1.000000 2.000000 2.000000 0.000000 "
     ]
    }
   ],
   "source": [
    "X = np.array([[18, 57, 55, 23],\n",
    "              [57, 198, 188, 94],\n",
    "              [55, 188, 182, 87],\n",
    "              [23, 94, 87, 55]])\n",
    "y = np.array([242, 829, 795, 385])\n",
    "for x in np.linalg.solve(X, y):\n",
    "    print(\"%lf\" % x, end=' ')"
   ]
  },
  {
   "cell_type": "markdown",
   "metadata": {},
   "source": [
    "# Test 6"
   ]
  },
  {
   "cell_type": "code",
   "execution_count": 17,
   "metadata": {},
   "outputs": [
    {
     "name": "stdout",
     "output_type": "stream",
     "text": [
      "3\r\n",
      "2 -1 0\r\n",
      "-1 2 -1\r\n",
      "0 -1 2\r\n",
      "1 1 1\r\n"
     ]
    }
   ],
   "source": [
    "%cat test6.txt"
   ]
  },
  {
   "cell_type": "code",
   "execution_count": 18,
   "metadata": {},
   "outputs": [
    {
     "name": "stdout",
     "output_type": "stream",
     "text": [
      "1.500000 2.000000 1.500000 "
     ]
    }
   ],
   "source": [
    "X = np.array([[2, -1, 0],\n",
    "              [-1, 2, -1],\n",
    "              [0, -1, 2]])\n",
    "y = np.array([1, 1, 1])\n",
    "for x in np.linalg.solve(X, y):\n",
    "    print(\"%lf\" % x, end=' ')"
   ]
  },
  {
   "cell_type": "code",
   "execution_count": null,
   "metadata": {},
   "outputs": [],
   "source": []
  },
  {
   "cell_type": "code",
   "execution_count": null,
   "metadata": {},
   "outputs": [],
   "source": []
  },
  {
   "cell_type": "code",
   "execution_count": null,
   "metadata": {},
   "outputs": [],
   "source": []
  },
  {
   "cell_type": "code",
   "execution_count": null,
   "metadata": {},
   "outputs": [],
   "source": []
  },
  {
   "cell_type": "code",
   "execution_count": 4,
   "metadata": {},
   "outputs": [
    {
     "data": {
      "text/plain": [
       "array([2.16903211, 2.20456485, 2.24001019, 2.27536843, 2.31063992,\n",
       "       2.34582495, 2.38092386, 2.41593696, 2.45086455, 2.48570697,\n",
       "       2.5204645 , 2.55513747, 2.58972619, 2.62423096, 2.65865208,\n",
       "       2.69298986, 2.7272446 , 2.76141661, 2.79550617, 2.8295136 ])"
      ]
     },
     "execution_count": 4,
     "metadata": {},
     "output_type": "execute_result"
    }
   ],
   "source": [
    "n = 20.0\n",
    "m = 8.0\n",
    "A = []\n",
    "y = []\n",
    "for i in range(20):\n",
    "    A.append([])\n",
    "    for j in range(20):\n",
    "        if (i == j):\n",
    "            A[i].append(n + m ** 2 + float(j) /m + float(i)/n)\n",
    "        else:\n",
    "            A[i].append((float(i) + float(j))/(n + m))\n",
    "    y.append(200.0 + 5.0 * i)\n",
    "\n",
    "X = np.linalg.solve(A, y)\n",
    "X"
   ]
  },
  {
   "cell_type": "code",
   "execution_count": 5,
   "metadata": {},
   "outputs": [
    {
     "name": "stdout",
     "output_type": "stream",
     "text": [
      "2.1690321121291753\n",
      "2.204564853240064\n",
      "2.2400101866410336\n",
      "2.2753684344598772\n",
      "2.310639917243458\n",
      "2.345824953967395\n",
      "2.3809238620456856\n",
      "2.41593695734024\n",
      "2.450864554170366\n",
      "2.4857069653221733\n",
      "2.5204645020579024\n",
      "2.5551374741251998\n",
      "2.5897261897663273\n",
      "2.6242309557272767\n",
      "2.6586520772668543\n",
      "2.6929898581656793\n",
      "2.727244600735109\n",
      "2.7614166058261325\n",
      "2.795506172838155\n",
      "2.8295135997277634\n"
     ]
    }
   ],
   "source": [
    "for i in X:\n",
    "    print(i)"
   ]
  },
  {
   "cell_type": "code",
   "execution_count": 21,
   "metadata": {},
   "outputs": [
    {
     "data": {
      "text/plain": [
       "4.46407682313798e+38"
      ]
     },
     "execution_count": 21,
     "metadata": {},
     "output_type": "execute_result"
    }
   ],
   "source": [
    "np.linalg.det(A)"
   ]
  },
  {
   "cell_type": "code",
   "execution_count": 22,
   "metadata": {
    "collapsed": true
   },
   "outputs": [
    {
     "data": {
      "text/plain": [
       "array([[ 1.19092762e-02, -2.09387469e-07, -4.92140339e-06,\n",
       "        -9.62184236e-06, -1.43107470e-05, -1.89881597e-05,\n",
       "        -2.36541227e-05, -2.83086779e-05, -3.29518672e-05,\n",
       "        -3.75837321e-05, -4.22043141e-05, -4.68136541e-05,\n",
       "        -5.14117934e-05, -5.59987726e-05, -6.05746323e-05,\n",
       "        -6.51394129e-05, -6.96931546e-05, -7.42358973e-05,\n",
       "        -7.87676810e-05, -8.32885451e-05],\n",
       "       [-2.09387469e-07,  1.18852168e-02, -9.54852146e-06,\n",
       "        -1.42008795e-05, -1.88418211e-05, -2.34713884e-05,\n",
       "        -2.80896231e-05, -3.26965668e-05, -3.72922607e-05,\n",
       "        -4.18767461e-05, -4.64500639e-05, -5.10122549e-05,\n",
       "        -5.55633596e-05, -6.01034184e-05, -6.46324715e-05,\n",
       "        -6.91505588e-05, -7.36577201e-05, -7.81539950e-05,\n",
       "        -8.26394229e-05, -8.71140429e-05],\n",
       "       [-4.92140339e-06, -9.54852146e-06,  1.18613129e-02,\n",
       "        -1.87686525e-05, -2.33617492e-05, -2.79435888e-05,\n",
       "        -3.25142126e-05, -3.70736617e-05, -4.16219771e-05,\n",
       "        -4.61591996e-05, -5.06853696e-05, -5.52005274e-05,\n",
       "        -5.97047133e-05, -6.41979672e-05, -6.86803287e-05,\n",
       "        -7.31518376e-05, -7.76125331e-05, -8.20624544e-05,\n",
       "        -8.65016406e-05, -9.09301303e-05],\n",
       "       [-9.62184236e-06, -1.42008795e-05, -1.87686525e-05,\n",
       "         1.18375635e-02, -2.78705723e-05, -3.24048014e-05,\n",
       "        -3.69279312e-05, -4.14400026e-05, -4.59410559e-05,\n",
       "        -5.04311315e-05, -5.49102695e-05, -5.93785098e-05,\n",
       "        -6.38358921e-05, -6.82824560e-05, -7.27182408e-05,\n",
       "        -7.71432857e-05, -8.15576295e-05, -8.59613112e-05,\n",
       "        -9.03543692e-05, -9.47368419e-05],\n",
       "       [-1.43107470e-05, -1.88418211e-05, -2.33617492e-05,\n",
       "        -2.78705723e-05,  1.18139678e-02, -3.68550667e-05,\n",
       "        -4.13308192e-05, -4.57956290e-05, -5.02495361e-05,\n",
       "        -5.46925806e-05, -5.91248020e-05, -6.35462399e-05,\n",
       "        -6.79569335e-05, -7.23569220e-05, -7.67462443e-05,\n",
       "        -8.11249392e-05, -8.54930452e-05, -8.98506006e-05,\n",
       "        -9.41976437e-05, -9.85342123e-05],\n",
       "       [-1.89881597e-05, -2.34713884e-05, -2.79435888e-05,\n",
       "        -3.24048014e-05, -3.68550667e-05,  1.17905247e-02,\n",
       "        -4.57229162e-05, -5.01405802e-05, -5.45474568e-05,\n",
       "        -5.89435854e-05, -6.33290052e-05, -6.77037554e-05,\n",
       "        -7.20678747e-05, -7.64214020e-05, -8.07643757e-05,\n",
       "        -8.50968342e-05, -8.94188156e-05, -9.37303578e-05,\n",
       "        -9.80314987e-05, -1.02322276e-04],\n",
       "       [-2.36541227e-05, -2.80896231e-05, -3.25142126e-05,\n",
       "        -3.69279312e-05, -4.13308192e-05, -4.57229162e-05,\n",
       "         1.17672335e-02, -5.44748956e-05, -5.88348568e-05,\n",
       "        -6.31841843e-05, -6.75229171e-05, -7.18510938e-05,\n",
       "        -7.61687529e-05, -8.04759326e-05, -8.47726712e-05,\n",
       "        -8.90590065e-05, -9.33349762e-05, -9.76006179e-05,\n",
       "        -1.01855969e-04, -1.06101067e-04],\n",
       "       [-2.83086779e-05, -3.26965668e-05, -3.70736617e-05,\n",
       "        -4.14400026e-05, -4.57956290e-05, -5.01405802e-05,\n",
       "        -5.44748956e-05,  1.17440931e-02, -6.31117745e-05,\n",
       "        -6.74144154e-05, -7.17065753e-05, -7.59882924e-05,\n",
       "        -8.02596048e-05, -8.45205504e-05, -8.87711669e-05,\n",
       "        -9.30114917e-05, -9.72415623e-05, -1.01461416e-04,\n",
       "        -1.05671089e-04, -1.09870619e-04],\n",
       "       [-3.29518672e-05, -3.72922607e-05, -4.16219771e-05,\n",
       "        -4.59410559e-05, -5.02495361e-05, -5.45474568e-05,\n",
       "        -5.88348568e-05, -6.31117745e-05,  1.17211027e-02,\n",
       "        -7.16343167e-05, -7.58800174e-05, -8.01153884e-05,\n",
       "        -8.43404673e-05, -8.85552916e-05, -9.27598986e-05,\n",
       "        -9.69543254e-05, -1.01138609e-04, -1.05312786e-04,\n",
       "        -1.09476893e-04, -1.13630966e-04],\n",
       "       [-3.75837321e-05, -4.18767461e-05, -4.61591996e-05,\n",
       "        -5.04311315e-05, -5.46925806e-05, -5.89435854e-05,\n",
       "        -6.31841843e-05, -6.74144154e-05, -7.16343167e-05,\n",
       "         1.16982615e-02, -8.00432809e-05, -8.42324188e-05,\n",
       "        -8.84113770e-05, -9.25801924e-05, -9.67389021e-05,\n",
       "        -1.00887543e-04, -1.05026151e-04, -1.09154763e-04,\n",
       "        -1.13273414e-04, -1.17382142e-04],\n",
       "       [-4.22043141e-05, -4.64500639e-05, -5.06853696e-05,\n",
       "        -5.49102695e-05, -5.91248020e-05, -6.33290052e-05,\n",
       "        -6.75229171e-05, -7.17065753e-05, -7.58800174e-05,\n",
       "        -8.00432809e-05,  1.16755684e-02, -8.83394202e-05,\n",
       "        -9.24723700e-05, -9.65952888e-05, -1.00708213e-04,\n",
       "        -1.04811179e-04, -1.08904223e-04, -1.12987381e-04,\n",
       "        -1.17060688e-04, -1.21124180e-04],\n",
       "       [-4.68136541e-05, -5.10122549e-05, -5.52005274e-05,\n",
       "        -5.93785098e-05, -6.35462399e-05, -6.77037554e-05,\n",
       "        -7.18510938e-05, -7.59882924e-05, -8.01153884e-05,\n",
       "        -8.42324188e-05, -8.83394202e-05,  1.16530227e-02,\n",
       "        -9.65234827e-05, -1.00600616e-04, -1.04667867e-04,\n",
       "        -1.08725269e-04, -1.12772860e-04, -1.16810674e-04,\n",
       "        -1.20838747e-04, -1.24857114e-04],\n",
       "       [-5.14117934e-05, -5.55633596e-05, -5.97047133e-05,\n",
       "        -6.38358921e-05, -6.79569335e-05, -7.20678747e-05,\n",
       "        -7.61687529e-05, -8.02596048e-05, -8.43404673e-05,\n",
       "        -8.84113770e-05, -9.24723700e-05, -9.65234827e-05,\n",
       "         1.16306235e-02, -1.04596211e-04, -1.08617898e-04,\n",
       "        -1.12629848e-04, -1.16632096e-04, -1.20624676e-04,\n",
       "        -1.24607625e-04, -1.28580977e-04],\n",
       "       [-5.59987726e-05, -6.01034184e-05, -6.41979672e-05,\n",
       "        -6.82824560e-05, -7.23569220e-05, -7.64214020e-05,\n",
       "        -8.04759326e-05, -8.45205504e-05, -8.85552916e-05,\n",
       "        -9.25801924e-05, -9.65952888e-05, -1.00600616e-04,\n",
       "        -1.04596211e-04,  1.16083698e-02, -1.12558343e-04,\n",
       "        -1.16524950e-04, -1.20481965e-04, -1.24429422e-04,\n",
       "        -1.28367356e-04, -1.32295802e-04],\n",
       "       [-6.05746323e-05, -6.46324715e-05, -6.86803287e-05,\n",
       "        -7.27182408e-05, -7.67462443e-05, -8.07643757e-05,\n",
       "        -8.47726712e-05, -8.87711669e-05, -9.27598986e-05,\n",
       "        -9.67389021e-05, -1.00708213e-04, -1.04667867e-04,\n",
       "        -1.08617898e-04, -1.12558343e-04,  1.15862609e-02,\n",
       "        -1.20410610e-04, -1.24322501e-04, -1.28224945e-04,\n",
       "        -1.32117973e-04, -1.36001622e-04],\n",
       "       [-6.51394129e-05, -6.91505588e-05, -7.31518376e-05,\n",
       "        -7.71432857e-05, -8.11249392e-05, -8.50968342e-05,\n",
       "        -8.90590065e-05, -9.30114917e-05, -9.69543254e-05,\n",
       "        -1.00887543e-04, -1.04811179e-04, -1.08725269e-04,\n",
       "        -1.12629848e-04, -1.16524950e-04, -1.20410610e-04,\n",
       "         1.15642959e-02, -1.28153739e-04, -1.32011277e-04,\n",
       "        -1.35859509e-04, -1.39698469e-04],\n",
       "       [-6.96931546e-05, -7.36577201e-05, -7.76125331e-05,\n",
       "        -8.15576295e-05, -8.54930452e-05, -8.94188156e-05,\n",
       "        -9.33349762e-05, -9.72415623e-05, -1.01138609e-04,\n",
       "        -1.05026151e-04, -1.08904223e-04, -1.12772860e-04,\n",
       "        -1.16632096e-04, -1.20481965e-04, -1.24322501e-04,\n",
       "        -1.28153739e-04,  1.15424739e-02, -1.35788453e-04,\n",
       "        -1.39591997e-04, -1.43386375e-04],\n",
       "       [-7.42358973e-05, -7.81539950e-05, -8.20624544e-05,\n",
       "        -8.59613112e-05, -8.98506006e-05, -9.37303578e-05,\n",
       "        -9.76006179e-05, -1.01461416e-04, -1.05312786e-04,\n",
       "        -1.09154763e-04, -1.12987381e-04, -1.16810674e-04,\n",
       "        -1.20624676e-04, -1.24429422e-04, -1.28224945e-04,\n",
       "        -1.32011277e-04, -1.35788453e-04,  1.15207941e-02,\n",
       "        -1.43315469e-04, -1.47065375e-04],\n",
       "       [-7.87676810e-05, -8.26394229e-05, -8.65016406e-05,\n",
       "        -9.03543692e-05, -9.41976437e-05, -9.80314987e-05,\n",
       "        -1.01855969e-04, -1.05671089e-04, -1.09476893e-04,\n",
       "        -1.13273414e-04, -1.17060688e-04, -1.20838747e-04,\n",
       "        -1.24607625e-04, -1.28367356e-04, -1.32117973e-04,\n",
       "        -1.35859509e-04, -1.39591997e-04, -1.43315469e-04,\n",
       "         1.14992557e-02, -1.50735499e-04],\n",
       "       [-8.32885451e-05, -8.71140429e-05, -9.09301303e-05,\n",
       "        -9.47368419e-05, -9.85342123e-05, -1.02322276e-04,\n",
       "        -1.06101067e-04, -1.09870619e-04, -1.13630966e-04,\n",
       "        -1.17382142e-04, -1.21124180e-04, -1.24857114e-04,\n",
       "        -1.28580977e-04, -1.32295802e-04, -1.36001622e-04,\n",
       "        -1.39698469e-04, -1.43386375e-04, -1.47065375e-04,\n",
       "        -1.50735499e-04,  1.14778578e-02]])"
      ]
     },
     "execution_count": 22,
     "metadata": {},
     "output_type": "execute_result"
    }
   ],
   "source": [
    "np.linalg.inv(A)"
   ]
  },
  {
   "cell_type": "code",
   "execution_count": 17,
   "metadata": {},
   "outputs": [
    {
     "data": {
      "text/plain": [
       "True"
      ]
     },
     "execution_count": 17,
     "metadata": {},
     "output_type": "execute_result"
    }
   ],
   "source": [
    "np.allclose(np.dot(A, X), y)"
   ]
  },
  {
   "cell_type": "code",
   "execution_count": 18,
   "metadata": {},
   "outputs": [],
   "source": [
    "X2 = [1.691244, 2.226726, 2.760892, 3.293744, 3.825289, 4.355532, 4.884476, 5.412127, 5.938490, 6.463569, 6.987369,\n",
    "        7.509895, 8.031150, 8.551141, 9.069871, 9.587345, 10.103568, 10.618544, 11.132278, 11.644773]"
   ]
  },
  {
   "cell_type": "code",
   "execution_count": 19,
   "metadata": {},
   "outputs": [
    {
     "data": {
      "text/plain": [
       "False"
      ]
     },
     "execution_count": 19,
     "metadata": {},
     "output_type": "execute_result"
    }
   ],
   "source": [
    "np.allclose(np.dot(A, X2), y)"
   ]
  },
  {
   "cell_type": "code",
   "execution_count": null,
   "metadata": {},
   "outputs": [],
   "source": []
  }
 ],
 "metadata": {
  "kernelspec": {
   "display_name": "Python 3",
   "language": "python",
   "name": "python3"
  },
  "language_info": {
   "codemirror_mode": {
    "name": "ipython",
    "version": 3
   },
   "file_extension": ".py",
   "mimetype": "text/x-python",
   "name": "python",
   "nbconvert_exporter": "python",
   "pygments_lexer": "ipython3",
   "version": "3.6.3"
  }
 },
 "nbformat": 4,
 "nbformat_minor": 2
}
